1
4
1296
11943936
585494
4411938
85904839
44485070
5482617
5718072
82991298
61686467
91039734
84135436
76242727
45801688
77562294
2649088
67780084
97818510
6058534
33792562
27202490
61803904
92618183
18808102
75275177
66666945
97982497
101056469
313432
70977775
39254317
101502770
101121688
82351144
64890894
73902850
54368227
75659116
61774574
86511022
16248094
97958918
77619459
72914006
29649940
98593322
28308361
2737610
26300699
62171989
75317934
45219495
26239427
99012341
40704111
30896772
33964075
25037104
86353765
91199935
98991396
20174752
9427231
15830787
10910400
89801531
58095931
80062260
80541705
38274370
76891251
101966948
76596002
86962624
66690369
83426385
60170865
4103406
44320708
43294205
4001106
83282213
713431
78603276
103920112
100461605
53090765
12557509
88290515
21710301
20459254
19109387
20094976
49211564
36306462
10491182
36270445
74768297
68769695
104736086
34796940
1599101
28076568
75204496
21165183
69919965
60104998
8149136
20465679
29587897
48152344
55859697
3306393
94569498
83782272
71303098
17678112
54706627
37038114
98392900
45107494
74768116
57720448
63217203
102605723
58322740
63321802
43926145
47886795
1296936
20192434
41465488
5482875
10201289
82869082
31139810
78035524
28941606
98089799
90675128
102072754
72561653
7789373
10600530
92698883
96202848
20868776
5581287
29756866
2772569
104752712
19271072
9441921
101864041
25962662
23283168
13532813
33725309
23387425
73668215
93300841
2845037
92281620
52513793
99460593
1929087
41596764
75455636
74648398
8597697
75622794
73722128
8967641
78049566
59032346
12845358
97983963
4455417
20596761
149087
28718524
93872505
103898439
14420824
88003825
95870997
56764291
34700709
100152894
84345794
9649114
55864834
46990022
102236940
12869562
82916541
84838148
55995958
93697704
2053023
80985160
1085898
36229565
37075120
72047394
23655030
3181505
67257091
39202970
4384365
10937406
15946158
72322622
68757212
52655117
15064847
1516570
101012272
55950908
96113774
99172649
68205013
67309699
8906708
84630701
96815845
55331198
29868909
78021989
102549166
74814291
90998276
23338676
39909724
41547847
1319298
38341813
87670760
62409025
42656652
15222352
37536516
82067535
87620192
45542553
77432349
97969445
57698932
41953436
84840406
57198258
88874066
73689082
65190698
21741971
99191209
47361124
101123823
23824156
18975954
71213039
2560218
25566328
10215922
35486755
88382493
95797063
26798998
86450997
20249618
68755477
87654741
57948205
56023195
53877986
69412644
10530948
88397715
60553817
45109360
46474887
9243227
55819851
36665742
44737259
73027986
69186967
2024090
27936280
22653673
19940473
88372915
66420782
33813077
63405859
73748057
63636593
101843937
45935661
24001086
93160055
101024743
46767522
104543634
99652482
75338259
100849428
18737738
30215705
73630229
69839865
39771111
103662545
45351521
91402687
65456734
21812283
96131546
60619165
79495374
21455683
56869121
6090046
94784726
51728811
48870740
39927947
42082625
74047287
67224505
52183211
88789232
41583512
5105970
20047925
42255572
10534859
22178353
86437793
50374672
26187663
32777459
77328912
34763930
16301450
92758976
33937506
40956305
68124414
2469474
51456708
72201063
90451845
88246277
76001397
101248720
47608370
56494153
83816169
75731830
11119931
16388608
6880371
51497533
24653489
54534875
70887923
104346723
91113992
43819627
43481524
88810746
16158421
32390532
40832296
68922653
45511864
4270858
61769723
19713436
73940775
63911564
53831894
10253955
88442169
86397960
61220484
103556631
40484418
98333240
84948932
83208015
38778623
80049627
79990204
84836692
69694985
30650031
26913736
59491676
15366784
42162037
77631575
86048429
71209934
41056565
22812423
31097207
39816120
10771565
81360910
32358080
74872782
67325272
84425961
27218389
30292688
50659096
70261009
18502124
36863825
83446018
35718932
27814896
69817983
60620459
36828808
84683377
11521375
74652712
100681760
1480446
72996217
104658481
24236075
3158688
79886074
76488915
93352284
17750183
15103895
97064677
47929474
99905587
67640301
21835934
66495353
2010547
1612729
2205651
71900304
55314529
18923536
37615989
94968750
13805592
19499851
26305603
104005939
68261398
28641130
36414563
1090835
88080121
78671494
94978415
21584245
68729787
57757907
85989193
77510895
84370932
10516126
59428406
77009500
32491667
24033704
23503408
4364213
17066058
1096920
43511975
33449544
33678212
63851962
69882648
79886658
82862934
90123569
45459054
66332629
83254354
52113752
76485923
63903380
93396174
92825399
103170386
3864173
76140236
63533066
27378938
100429646
50775468
27132044
93118538
81910682
55493197
50714025
85120635
914843
39412596
76574334
796152
9252033
102807397
16609027
10148643
74927540
24204465
47533896
35010501
44362073
13864065
27726121
55566221
100920641
100757879
69526765
101671907
52066861
28402702
10618452
70749529
41024010
75756303
27559372
25612433
101502781
10497593
46497530
67516105
19465904
40251032
15805890
21840260
20188646
4868588
104793317
4856338
7933840
76399397
948837
91230690
74444641
10378694
27027844
60394815
32265769
26358305
59695621
36770961
54654965
24119185
62359337
94662043
67928163
55679358
28862245
66049806
1627853
18529826
19874429
24267902
69452052
94423613
61458049
85274069
71222353
8147901
99496972
28715773
69208863
23944558
453064
19541641
57250275
56858641
5068959
30908874
86609738
87408818
15054401
47770725
96678245
90496866
56933629
17689363
80509481
44190827
97581688
48654355
10018989
22568331
84508403
75174384
90714488
20995119
18267988
5769848
68341776
22505080
63629110
99117966
15291041
67493150
89046402
28220392
16189393
3783869
85493960
56019099
18084665
88348391
6285050
26553924
81685800
92351757
64298988
44334124
27513904
3825114
87303994
64673609
47086366
42342312
85670277
93363524
41836521
93897643
39324630
71524452
45781458
80979329
80443962
42511083
70194852
59703381
69748716
4322360
44485062
88948132
5441872
59095801
90830097
16924321
32687141
23512736
31025509
26129423
5748898
72208687
19159952
61005307
45327648
14132015
37205884
35860575
63935796
84248826
97862638
21385214
13304449
99769937
101445617
45946423
18407095
8496
67839571
43748848
99161261
7759202
46648692
22479048
95982868
28977147
57362104
98870146
99469651
14716370
60481009
12847893
76565724
6323074
59530805
95820707
77920416
78903112
